BTK05A  1741  1292   959   694   308   702   678  1085  1030  1318
BTK05A  1750  1395  1094  1170   886   519   623   431   405   321   482
BTK05A  1760   347   435   331   714   547   527   440   550   499   372
BTK05A  1770   595   361   482   549   422   633   716   718   768   653
BTK05A  1780   677   587   278   392   420   358   513   626   681   969
BTK05A  1790  1012   875  1435   656  1105   975   677   426   575   369
BTK05A  1800   479   431   442   490   552   519   340   302   469   347
BTK05A  1810   571   399   368   472   387   443   551   600   578   542
BTK05A  1820   457   775   451   297   422   488   504   463   579   517
BTK05A  1830   336   380   432   407   414   351   392   434   367   572
BTK05A  1840   319   416   343   508   424   478   231   356   481   587
BTK05A  1850   521   400   496   552   482   374   315   369   305   447
BTK05A  1860   335   334   296   175   216   315   475   413   449   412
BTK05A  1870   345   373   346   433   200   207   265   423   351   264
BTK05A  1880   237   245   317   375   329   425   361   377   455   596
BTK05A  1890   354   600   668   425   576   577   373   489   443   379
BTK05A  1900   510   369   404   411   404   514   465   654   776   549
BTK05A  1910   354   315   375   471   418   403   604   279   512   380
BTK05A  1920   313   467   144   318   207   166   299   411   618   421
BTK05A  1930   165   467   412   198   334   487   221   393   467   579
BTK05A  1940   486   472   638   472   529   649   396   358   286   246
BTK05A  1950   359   416   265   190   253   191   165   249   271   260
BTK05A  1960   200   161   276   309   280   325   329   232   193   302
BTK05A  1970   249   207   343   329   225   340   297   202   221   274
BTK05A  1980   248   374   325   273   263   416   455   500   358   159
BTK05A  1990   287   332   427   499   361   389   353   436   516   490
BTK05A  2000   382   433   405   448   369   487   457   460   402   520
BTK05A  2010   484   381   339   457   537   631   487 -9999
BTK05B  1727  1521  1339  1658
BTK05B  1730   910  1496  1711  2220  2118  1613  1321  1621   914   542
BTK05B  1740   833  1055   892   508   220   653   632   924   946  1601
BTK05B  1750  1898  1386  1467   884   638   841   514   618   474   528
BTK05B  1760   390   503   261   483   332   496   446   568   461   463
BTK05B  1770   557   342   404   388   323   560   551   631   621   441
BTK05B  1780   512   459   254   332   328   243   446   612   506   609
BTK05B  1790   397   438   733   339   604   600   524   357   358   274
BTK05B  1800   333   346   362   408   423   402   314   262   395   366
BTK05B  1810   648   512   252   387   426   422   368   497   645   667
BTK05B  1820   772  1018   448   201   433   473   483   370   684   455
BTK05B  1830   287   292   409   334   286   224   283   325   266   390
BTK05B  1840   184   231   152   265   270   187   112   250   252   417
BTK05B  1850   430   317   346   471   336   364   263   322   277   334
BTK05B  1860   250   253   160    91   153   150   295   288   283   307
BTK05B  1870   275   246   245   439   328   301   285   419   366   221
BTK05B  1880   162   189   222   271   291   397   254   266   343   569
BTK05B  1890   289   336   403   210   283   453   339   408   468   264
BTK05B  1900   313   234   310   236   225   374   334   371   506   340
BTK05B  1910   200   245   316   380   267   317   304   166   252   146
BTK05B  1920   206   249   143   235   165   104   241   309   590   431
BTK05B  1930   167   347   304   164   373   410   162   389   452   476
BTK05B  1940   505   449   435   354   371   408   307   329   269   273
BTK05B  1950   327   434   326   207   273   254   221   193   243   282
BTK05B  1960   211   155   247   480   346   342   450   230   203   389
BTK05B  1970   316   206   397   386   234   434   460   304   345   418
BTK05B  1980   388   540   492   388   453   483   641   793   635   246
BTK05B  1990   397   445   427   565   515   498   371   346   552   473
BTK05B  2000   371   432   419   522   268   474   409   477   339   437
BTK05B  2010   517   353   321   411   437   575   440 -9999
BTK6A   1649  1058
BTK6A   1650   720   783  1119  1481  1228  1352   970   992   993  1015
BTK6A   1660  1186  1810  1469  1058  1330  1051  1646  1190  1410  1372
BTK6A   1670  1501  1420   991  1220  1124  1274  1274  1365  1311  1820
BTK6A   1680  1584  1354  1174  1323  1609  1264  1204   935   885  1552
BTK6A   1690  1280  1185  1104   788   996  1005   800   940   960  1203
BTK6A   1700  1560  1284   920  1044   523   924   722   680   441   823
BTK6A   1710   833   859  1248  1000  1017  1010   702   806   599   721
BTK6A   1720   927   762   759   861   779   595   781   656   775   732
BTK6A   1730   588   644   685   705   744   644   584   689   550   532
BTK6A   1740   576   658   661   536   392   702   599   536   514   510
BTK6A   1750   711   713   549   468   488   488   528   503   463   604
BTK6A   1760   423   604   455   658   492   554   475   644   481   503
BTK6A   1770   565   502   792   563   437   436   745   621   683   559
BTK6A   1780   621   600   414   623   497   438   583   688   562   794
BTK6A   1790   710   626   755   587   651   736   527   505   528   529
BTK6A   1800   592   698   592   508   529   720   614   656   719   550
BTK6A   1810   614   656   656   571   444   465   761   804   783   741
BTK6A   1820   762   868   550   550   571   571   571   571   677   655
BTK6A   1830   613   507   402   508   423   508   444   719   465   846
BTK6A   1840   550   635   444   698   593   508   392   476   571   720
BTK6A   1850   741   571   508   591   506   441   357   400   357   505
BTK6A   1860   421   420   399   356   335   418   671   503   525   441
BTK6A   1870   483   525   398   419   293   335   335   503   440   336
BTK6A   1880   315   252   378   273   336   442   421   399   442   442
BTK6A   1890   463   401   528   317   422   464   507   718   633   464
BTK6A   1900   738   443   465   507   402   465   423   550   783   698
BTK6A   1910   423   571   783   804   783   635   825   444   635   476
BTK6A   1920   412   634   507   529   465   507   508   698   677   846
BTK6A   1930   254   487   444   307   391   476   349   507   592   527
BTK6A   1940   612   779   674   526   526   547   400   465   338   402
BTK6A   1950   529   698   444   370   349   423   338   465   360   634
BTK6A   1960   402   338   466   740   434   370   317   274   211   253
BTK6A   1970   358   211   317   359   338   549   507   423   423   465
BTK6A   1980   254   432   316   275   296   306   655   508   751   275
BTK6A   1990   370   593   360   624   889   508   466   518   656   614
BTK6A   2000   423   423   388   522   339   579   395   395   254   473
BTK6A   2010   501   353   360   381   289   684   466 -9999
BTK6B   1618  1445  1348
BTK6B   1620  1259  1194  1351   867  1893  1457  1064  1352  1942  1279
BTK6B   1630   810  1275   695  1454  1144   676  1063   869   909   851
BTK6B   1640  1161  1023  1079  1088   857  1820  1515  1135   945   908
BTK6B   1650   641   869  1435  1512  1252  1778  1142  1022   981   972
BTK6B   1660  1070  1719  1344   925  1514  1091  1547  1039  1196  1294
BTK6B   1670  1589  1242  1006  1577  1082  1303  1413  1276  1197  1733
BTK6B   1680  1362  1243  1264  1409  1556  1391  1225  1202  1223  1733
BTK6B   1690  1245  1392  1482  1341  1323  1492  1165  1320  1215  1453
BTK6B   1700  1521  1386  1089  1230   890  1299  1118  1127   820  1179
BTK6B   1710  1027  1104  1372   910  1204  1288   929   972   755   977
BTK6B   1720  1134  1050  1135  1451  1074   822   864   883  1031  1052
BTK6B   1730   903   966   925  1011  1071  1011   884  1284   800   694
BTK6B   1740   925  1070   907   884   611  1034   849   814   739   845
BTK6B   1750  1098   993   810   774   844   825   829   759   626   822
BTK6B   1760   765   981   651   998   930   908   772  1068   809   866
BTK6B   1770   578   815  1118   876   826   844  1001  1018  1032   847
BTK6B   1780   893   880   492   739   635   614   694   613   758  1024
BTK6B   1790   883   741  1034   745  1011  1010   865   819   924   739
BTK6B   1800   904   945   719   739   699   721   762   678   676   614
BTK6B   1810   551   570   572   529   532   512   820   881   801   679
BTK6B   1820   731   834   576   330   557   579   607   655   621   517
BTK6B   1830   497   372   259   383   247   309   434   476   290   476
BTK6B   1840   313   496   373   457   603   416   312   354   540   563
BTK6B   1850   522   479   478   666   583   436   375   521   458   521
BTK6B   1860   436   396   396   334   376   522   686   542   605   542
BTK6B   1870   522   648   585   418   251   334   377   587   587   419
BTK6B   1880   397   355   481   376   418   606   418   523   564   544
BTK6B   1890   377   378   462   336   398   524   398   587   565   335
BTK6B   1900   461   336   356   461   440   439   522   585   732   565
BTK6B   1910   461   543   606   626   562   416   645   354   433   351
BTK6B   1920   268   411   328   327   306   367   243   447   526   406
BTK6B   1930   144   330   234   240   185   265   185   349   412   310
BTK6B   1940   289   391   494   329   387   409   266   326   223   263
BTK6B   1950   405   568   345   238   209   263   282   382   240   260
BTK6B   1960   259   198   316   356   146   193   178   115   113   197
BTK6B   1970   149   139   220   240   200   280   339   239   280   385
BTK6B   1980   233   415   285   277   323   347   627   609   649   244
BTK6B   1990   406   405   369   465   463   362   308   414   605   467
BTK6B   2000   287   398   322   271   278   341   269   256   223   406
BTK6B   2010   338   237   283   309   299   438   256 -9999
BTK06C  1680  1077   921   831   745   902   763   794   691   609   918
BTK06C  1690   911   901   783   655   774   944   695   644   858   904
BTK06C  1700  1115  1014   805   690   457   679   625   510   432   656
BTK06C  1710   600   607   889   732   808   786   630   684   503   580
BTK06C  1720   642   554   499   676   542   501   609   565   608   602
BTK06C  1730   505   453   457   662   695   624   562   742   608   491
BTK06C  1740   618   688   705   616   432   690   609   558   560   703
BTK06C  1750   787   753   652   595   579   527   633   545   462   622
BTK06C  1760   472   760   489   688   551   583   613   670   510   601
BTK06C  1770   538   456   672   442   444   392   750   615   621   490
BTK06C  1780   520   483   419   524   348   352   440   502   441   661
BTK06C  1790   551   467   721   491   630   655   455   456   546   408
BTK06C  1800   566   587   522   487   365   544   330   545   474   346
BTK06C  1810   458   477   519   417   332   290   469   493   442   430
BTK06C  1820   455   418   344   326   342   401   368   445   474   364
BTK06C  1830   323   527   447   512   323   367   293   446   276   456
BTK06C  1840   218   446   284   568   415   374   236   337   306   436
BTK06C  1850   436   359   399   480   391   262   251   406   235   432
BTK06C  1860   337   444   331   379   298   295   620   461   465   440
BTK06C  1870   488   400   387   498   339   408   351   557   470   338
BTK06C  1880   332   229   344   223   354   536   452   483   558   425
BTK06C  1890   438   499   526   332   386   556   453   537   581   351
BTK06C  1900   581   474   308   503   414   565   467   537   794   574
BTK06C  1910   363   498   528   516   603   465   627   281   449   294
BTK06C  1920   266   410   291   324   339   358   208   480   396   371
BTK06C  1930   132   292   337   142   286   222   242   456   354   376
BTK06C  1940   319   395   469   389   476   465   320   405   313   414
BTK06C  1950   450   502   346   234   319   198   235   300   230   277
BTK06C  1960   197   201   283   393   281   256   324   172   120   177
BTK06C  1970   242   177   289   310   219   359   342   297   321   440
BTK06C  1980   330   535   419   371   339   339   572   547   558   270
BTK06C  1990   415   400   419   503   612   338   435   412   587   466
BTK06C  2000   315   471   468   397   321   401   274   349   183   384
BTK06C  2010   410   315   342   380   421   568   281 -9999
BTK07A  1614  1038  1647   551  1299  1235  1588
BTK07A  1620  1508  1788  1436  1274  2300  1145  1348   909   973   672
BTK07A  1630   625   987   508  1198   932   506  1176   744  1010   685
BTK07A  1640  1136   830   633   701   495  1032   733   447   613   582
BTK07A  1650   418   482   792   631   403  1083   572   565   774   780
BTK07A  1660   716  1347  1128   496   654   454   636   333   350   357
BTK07A  1670   579   519   365   493   396   389   429   347   374   712
BTK07A  1680   569   447   407   525   511   423   378   388   335   693
BTK07A  1690   584   419   601   302   459   646   349   504   497   753
BTK07A  1700   896   843   637   653   374   671   348   294   290   493
BTK07A  1710   348   363   554   367   550   454   311   291   279   364
BTK07A  1720   457   245   344   483   291   196   231   225   228   329
BTK07A  1730   216   285   228   271   381   340   269   464   221   200
BTK07A  1740   356   410   294   253   147   341   200   250   224   394
BTK07A  1750   338   300   339   243   158   229   186   207   113   253
BTK07A  1760   161   298   113   294   224   168   309   380   262   283
BTK07A  1770   298   210   269   202   227   208   320   328   250   248
BTK07A  1780   205   194   137   163   138   180   270   239   204   217
BTK07A  1790   183   106   180    89   137   106   168   127   247   180
BTK07A  1800   314   234   153   277   197   228   115   168   179   147
BTK07A  1810   233   169   142   158   148   169   230   165   222   173
BTK07A  1820   169   218   159   145   211   202   218   166   301   282
BTK07A  1830   262   326   372   358   222   305   288   256   186   333
BTK07A  1840   327   327   155   364   280   234   176   332   354   389
BTK07A  1850   365   237   405   357   298   200   204   203   230   314
BTK07A  1860   171   251   167   179   139   278   287   214   204   221
BTK07A  1870   175   184   201   208   157   199   203   215   303   246
BTK07A  1880   239   219   254   227   320   393   327   254   304   225
BTK07A  1890   207   334   255    89   262   207   224   245   183   183
BTK07A  1900   264   134   244   172   129   231   186   259   400   307
BTK07A  1910   226   260   425   471   427   383   455   200   465   248
BTK07A  1920   254   243   163   140   185   134   200   245   548   317
BTK07A  1930   254   348   327   118   405   254   196   358   339   320
BTK07A  1940   274   370   323   283   360   379   276   242   235   241
BTK07A  1950   328   409   256   138   254   158   161   166   214   242
BTK07A  1960   175   160   271   312   163   270   287   177   185   185
BTK07A  1970   237   164   306   300   213   289   296   180   259   248
BTK07A  1980   211   280   195   238   148   235   355   375   318   153
BTK07A  1990   195   168   266   268   259   238   164   262   362   262
BTK07A  2000   217   375   185   285   290   301   217   232   175   455
BTK07A  2010   268   301   227   195   281   426   132 -9999
BTK07B  1640  1744  1470  1571  1068  1234   813   815  1031   750   490
BTK07B  1650   634   246   588  1280   640   972   983   654   715   840
BTK07B  1660   853  1361  1133   761   751   583  1067   720   708   574
BTK07B  1670   713   821   429   742   933   778  1131  1285   964  1484
BTK07B  1680  1047   848   839  1005  1179   994  1047   696   598  1105
BTK07B  1690   824   406   562   412   588   821   396   544   517   611
BTK07B  1700   686   644   433   583   459   920   613   568   379   765
BTK07B  1710   663   553   922   578  1071  1104   685   698   404   686
BTK07B  1720   993   367   489  1049   936   617   659   629   453   526
BTK07B  1730   388   401   401   668   704   476   388   748   330   270
BTK07B  1740   434   834   455   381   166   554   444   444   399   633
BTK07B  1750   572   509   308   320   234   418   267   221   232   363
BTK07B  1760   227   337   242   406   267   226   277   570   293   172
BTK07B  1770   294   189   378   215   201   256   345   302   307   206
BTK07B  1780   291   291   139   265   193   232   354   439   438   491
BTK07B  1790   375   287   568   193   512   371   307   231   322   312
BTK07B  1800   380   333   284   280   254   358   196   202   226   231
BTK07B  1810   280   301   134   192   230   213   282   270   277   243
BTK07B  1820   217   337   147   122   167   204   228   228   347   233
BTK07B  1830   216   172   314   178   181   240   193   232   138   237
BTK07B  1840   172   258    82   133   160   102   108   196   166   228
BTK07B  1850   213   124   153   242   122   109   130   125   202   222
BTK07B  1860   130   160    84    79   113   207   258   197   167   173
BTK07B  1870   201   183   160   197   165   174   176   242   264   217
BTK07B  1880   146   143   149   185   150   222   154   158   209   179
BTK07B  1890   133   209   213   103   267   264   307   460   350   228
BTK07B  1900   316   187   282   268   252   372   327   406   595   478
BTK07B  1910   242   318   591   607   725   646   559   227   526   339
BTK07B  1920   196   313   189   191   244   128   214   233   679   328
BTK07B  1930   162   289   292   146   409   225   204   419   615   388
BTK07B  1940   333   509   278   324   362   391   188   159    93   103
BTK07B  1950   129   234   116    87    91    88    93   120    95    74
BTK07B  1960    68    73   113   157   108    95    82    68    62    76
BTK07B  1970    96    49    94    59    79   146   118    78    92    87
BTK07B  1980   121   130    76    83    99    79   125    88    56    46
BTK07B  1990    92   103    93    89   107    51    88    72   102    75
BTK07B  2000   129   106   103    56   116   112   105   101    42   210
BTK07B  2010   128   146   134   176   262   647   253 -9999
BTK08A  1840   183   273   110   270   252   188   105   142   205   276
BTK08A  1850   205   185   180   270   273   164   105   169   137   116
BTK08A  1860   126   116   126    55    81   147   201   144   215   189
BTK08A  1870   179   148   180   125   158   148   116   242   285   190
BTK08A  1880   192   188   137   149   116   253   159   115   222    94
BTK08A  1890   159   253   181   103   192   210   158   204   165   100
BTK08A  1900   216   126   136   139   126   263   284   271   431   248
BTK08A  1910   250   179   266   244   298   269   343   167   222   158
BTK08A  1920   125   275    73   189   116    95   169   159   327   180
BTK08A  1930    73   221   262    88   148   201   116   258   227   222
BTK08A  1940   234   330   287   328   357   379   203   201   220   176
BTK08A  1950   273   291   180   106   193    91   106   212   183   144
BTK08A  1960   159   126   204   293   190   254   179   169   158   164
BTK08A  1970   173   128   197   216   147   233   207   163   158   203
BTK08A  1980   275   326   244   221   203   234   318   410   303   167
BTK08A  1990   253   231   320   299   254   274   167   277   316   317
BTK08A  2000   242   317   201   169   199   214   201   198   172   358
BTK08A  2010   297   149   147   170   211   338   158 -9999
BTK8B   1437   238    64    79
BTK8B   1440   101    88   121   168   174   190   224   136   221   402
BTK8B   1450   550   503   719   945   903  1151   922  1147   655   911
BTK8B   1460  1020   768   734   732   674   823   626   573   599  1037
BTK8B   1470   815  1227  1227  1312   638   405   813   458   654   479
BTK8B   1480   688   363   533   633   963  1782  1193   655   836   809
BTK8B   1490   716   944   751   646   628   758   907   911   610   746
BTK8B   1500   607   708   464   641   711   861  1040   622   924   897
BTK8B   1510  1185   994   749   632   804   571   882  1143  1248   949
BTK8B   1520  1144  1261   873   995   769  1190   750   702   950   853
BTK8B   1530   684   963   782   653   302   728   649   742   724   778
BTK8B   1540   549   621   617   595   510   519   743   677   695   574
BTK8B   1550   620   399   754   704   721   721   829  1145  1155   652
BTK8B   1560   701   477   871   464   908   136   496   494   596   617
BTK8B   1570   490   476   505   454   548   718   516   925   803   805
BTK8B   1580   651   320   623   618   615   750   883   516   663   444
BTK8B   1590   337   370   346   236   305   307   523   542   515   733
BTK8B   1600   443   267   260   283   184   198   229   199   334   510
BTK8B   1610   733   520   440   476   235   405   417   435   279   544
BTK8B   1620   453   602   629   355   751   609   400   341   574   446
BTK8B   1630   389   470   256   648   490   385   447   188   431   358
BTK8B   1640   478   388   557   420   417   572   356   301   310   414
BTK8B   1650   216   293   366   309   352   357   278   296   212   226
BTK8B   1660   267   492   375   337   252   187   354   166   211   262
BTK8B   1670   352   296   183   274   248   297   265   239   254   419
BTK8B   1680   285   218   193   165   167   196   151   121    84   173
BTK8B   1690   120   137   195    79   236   177    88   100   153   143
BTK8B   1700   150   216   204   192    99   230    97   162   115   200
BTK8B   1710   186   206   273   255   313   367   189   201   179   147
BTK8B   1720   223   134   153   164   242   194   167   187   141   186
BTK8B   1730   138   128   135   258   183   188   174   344   240   189
BTK8B   1740   229   325   287   296    42   346   261   270   315   349
BTK8B   1750   444   468   321   228   244   454   218   297   251   446
BTK8B   1760   269   438   214   366   259   185   361   482   390   256
BTK8B   1770   344   198   479   287   189   372   387   349   340   220
BTK8B   1780   266   245   129   155   297   158   255   267   287   259
BTK8B   1790   200   171   368   138   290   210   281   162   227   222
BTK8B   1800   272   285   255   245   241   253   186   151   238   143
BTK8B   1810   244   297   177   191   102   102   213   174   172   162
BTK8B   1820   197   243   163   137   180   220   233   245   447   281
BTK8B   1830   267   237   297   247   206   258   281   280   176   313
BTK8B   1840   266   339   214   357   352   393   173   255   305   410
BTK8B   1850   386   316   351   398   392   293   200   263   298   298
BTK8B   1860   219   273   304   109   193   260   284   226   331   310
BTK8B   1870   272   278   287   287   251   272   165   371   402   260
BTK8B   1880   218   264   244   240   240   363   274   183   281   211
BTK8B   1890   148   296   278   109   312   305   228   305   304   122
BTK8B   1900   285   196   180   236   167   334   312   395   526   352
BTK8B   1910   293   309   392   454   476   359   451   152   303   200
BTK8B   1920   183   291   134   187   155    74   203   186   376   188
BTK8B   1930    73   261   256   137   226   225   155   262   297   284
BTK8B   1940   302   398   307   348   488   487   300   296   324   299
BTK8B   1950   392   446   309   131   200   137   127   211   226   218
BTK8B   1960   144   134   256   370   306   394   247   215   232   335
BTK8B   1970   281   204   312   276   231   355   280   245   221   288
BTK8B   1980   303   380   250   215   204   278   387   435   343   155
BTK8B   1990   229   236   307   356   257   281   225   317   377   332
BTK8B   2000   274   339   224   211   176   250   203   285   159   369
BTK8B   2010   233   215   187   187   243   363   176 -9999
BTK09B  1681   264   349   325   502   491   382   284   193   383
BTK09B  1690   344   208   263   209   307   389   152   279   259   290
BTK09B  1700   242   191   140   164   137   185   166   167    82   199
BTK09B  1710   122   137   219   233   177   244   164   154   165   118
BTK09B  1720   179   167   117   212   234   198   193   202   225   199
BTK09B  1730   180   146   150   206   241   193   168   229   146   148
BTK09B  1740   123   227   200   138     0   113   151   113   157   173
BTK09B  1750   214   226   102   115   157   200    99   176   118   224
BTK09B  1760   210   188   176   226   239   198   156   295   237   146
BTK09B  1770   229   190   268   191   122   136   238   225   241   134
BTK09B  1780   193   192    82   105    98   164   180   222   250   255
BTK09B  1790   232   131   247   120   166   174   191   161   179   185
BTK09B  1800   200   198   225   129   151   167   111   132   203   125
BTK09B  1810   178   193   115   149   144   113   157   208   162   170
BTK09B  1820   161   257   166   153   230   184   152   151   242   230
BTK09B  1830   148   129    98   167    90   145   155   193   131   171
BTK09B  1840   125   156    91   104    91   114    52    77   132   106
BTK09B  1850    98    61    68   109   135   135    67    98    89    48
BTK09B  1860    74    93    68    38    56    64   178    69    59   103
BTK09B  1870   104    68    51    78    94    78    64   120    78    47
BTK09B  1880    36    62    54     0    58    51    94    73    78    61
BTK09B  1890    58    89   125    40   168   197   124   177   154    67
BTK09B  1900   163   130    84    95   137   169   137   152   236   205
BTK09B  1910   153   215   116   204   217   172   177    91   120   112
BTK09B  1920    47    93    49   112    94   116   115   166   206   162
BTK09B  1930     0   200   123    66    78   126    81   144   178   199
BTK09B  1940   144   182   222   249   196   187   193   120    71    60
BTK09B  1950   120   222   182   105   127    39    74   133   116   127
BTK09B  1960   143   102   182   272   154   192   180   161   130   192
BTK09B  1970   208   106   193   240   209   276   326   187   169   240
BTK09B  1980   239   301   204   180   134   265   261   318   471   144
BTK09B  1990   242   231   236   327   273   251   178   235   359   262
BTK09B  2000   208   235   175   123   179   266   157   227    91   212
BTK09B  2010   318   138   189   195   146   275   185 -9999
BTK09C  1493   836   909   971  1738  1670  1018   894
BTK09C  1500  1293  1178   629   651   856  1089  1410   830  1154   946
BTK09C  1510  1214   879   583   410   560   458   547   660   565   394
BTK09C  1520   360   484   430   456   389   498   390   427   441   508
BTK09C  1530   424   445   281   182    68   278   197   295   375   454
BTK09C  1540   310   264   235   199   189   179   203   173   223   194
BTK09C  1550   183   158   231   255   283   333   237   297   305   247
BTK09C  1560   251   158   276   208   279   229   311   228   361   251
BTK09C  1570   185   147   139   180   188   297   168   248   231   250
BTK09C  1580   189   134   254   309   266   311   368   233   340   270
BTK09C  1590   208   176   156    68   189   183   230   292   250   277
BTK09C  1600   347   289   236   277   224   143   172   151   203   236
BTK09C  1610   268   296   192   277   197   249   283   345   215   395
BTK09C  1620   209   430   406   260   489   483   259   198   272   222
BTK09C  1630   202   290   248   378   392   264   310   249   367   304
BTK09C  1640   402   339   395   388   330   522   293   238   199   255
BTK09C  1650   130   173   282   307   281   262   234   255   188   222
BTK09C  1660   249   347   384   275   309   237   280   273   224   236
BTK09C  1670   269   311   182   280   303   314   384   334   371   372
BTK09C  1680 -9999
BTK10C  1691   371   481   227   435   401   211   244   450   523
BTK10C  1700   671   693   628   569   465  1068   512   678   276   631
BTK10C  1710   758   910  1068   806  1109   848   704   332   427   774
BTK10C  1720   992   270   340   987  1019   839   937   876   636   755
BTK10C  1730   584   839   704  1072   958   624   548   789   391   456
BTK10C  1740   575   900   543   551     0   939   645   460   497   680
BTK10C  1750   793   705   548   464   520   713   249   578   394   806
BTK10C  1760   447   771   405   799   529   318   449   696   554   244
BTK10C  1770   353   452   573   465   390   431   468   514   562   376
BTK10C  1780   420   379   242   165   248   285   348   451   450   294
BTK10C  1790   458   452   653   246   441   398   585   318   333   366
BTK10C  1800   310   324   411   347   313   380   191   336   356   315
BTK10C  1810   322   355   255   253   325   206   171   327   297   348
BTK10C  1820   341   357   329   222   345   364   332   350   484   368
BTK10C  1830   429   406   430   432   373   363   282   374   318   425
BTK10C  1840   254   354   225   355   285   296   132   252   243   367
BTK10C  1850   264   266   328   434   470   299   310   224   346   268
BTK10C  1860   297   321   315   102   179   328   417   300   401   329
BTK10C  1870   338   321   393   267   324   342   161   379   416   272
BTK10C  1880   253   200   200   191   253   524   293   306   403   205
BTK10C  1890   243   324   302   115   228   292   196   236   363   147
BTK10C  1900   308   209   135    94   146   326   271   286   454   291
BTK10C  1910   252   218   328   375   451   389   456   215   233   141
BTK10C  1920   131   204    94   179   173   200   214   221   345   202
BTK10C  1930   137   225   177    84   147   199   115   187   269   232
BTK10C  1940   285   319   423   331   421   501   274   257   240   200
BTK10C  1950   341   503   280   227   209   136   158   243   205   247
BTK10C  1960   241   179   244   484   350   535   483   338   309   301
BTK10C  1970   398   262   312   421   378   468   554   355   298   404
BTK10C  1980   345   528   343   323   429   444   610   712   715   358
BTK10C  1990   414   349   514   715   741   689   399   473   659   491
BTK10C  2000   369   430   293   286   169   264   264   322   191   306
BTK10C  2010   269   254   238   185   238   312   174 -9999
BTK11A  1618   983  1276
BTK11A  1620  1055  1247  1451  1066  1324  1219   690   856  1370  1034
BTK11A  1630   305   951   274   989   770   563   853   500   731   657
BTK11A  1640   791   729   783  1005   781  1000   736   634   436   635
BTK11A  1650   501   635   790   841  1068   853   576   600   510   563
BTK11A  1660   582   771   967   579   594   521   751   667   599   705
BTK11A  1670   667   749   820  1149   808   904   861   734   794  1104
BTK11A  1680   849   616   682   761   685   760   536   674   367   606
BTK11A  1690   633   602   634   543   731   671   390   422   573   719
BTK11A  1700   750   779   691   682   366   697   538   649   253   701
BTK11A  1710   664   621   787   945   899   760   781   466   344   781
BTK11A  1720   911   421   530   700   800   751   712   779   802   605
BTK11A  1730   593   754   773   727   657   540   649   727   456   629
BTK11A  1740   708   757   736   713   281   795   778   630   728   773
BTK11A  1750  1135   969   773   648   691   670   388   612   706   859
BTK11A  1760   764   759   630   911   795   726   790  1101   928   917
BTK11A  1770   770   834   873   791   754   985   888  1154  1153   835
BTK11A  1780   974   751   582   509   608   607   952  1152   881   862
BTK11A  1790   643   706   754   510   487   546   766   662   520   564
BTK11A  1800   467   605   695   910   856   494   494   449   506   544
BTK11A  1810   554   693   582   616   532   467   432   532   480   454
BTK11A  1820   489   547   477   487   613   634   611   663   702   525
BTK11A  1830   541   503   577   611   451   526   531   669   487   666
BTK11A  1840   395   586   388   566   403   399   205   296   370   476
BTK11A  1850   345   362   265   331   343   241   161   249   268   283
BTK11A  1860   274   258   277   123   142   220   391   390   341   238
BTK11A  1870   294   204   262   295   255   215   163   299   321   231
BTK11A  1880   230   178   232   154   216   346   254   251   246   208
BTK11A  1890   224   296   323   191   282   302   222   261   228   183
BTK11A  1900   291   421   569   715   650   955   578   597   531   402
BTK11A  1910   519   339   353   426   439   460   529   346   386   480
BTK11A  1920   408   568   489   408   396   395   372   470   321   461
BTK11A  1930   228   491   436   365   263   657   361   573   528   652
BTK11A  1940   531   564   659   621   690   706   539   347   529   514
BTK11A  1950   679   831   630   547   455   316   428   566   480   526
BTK11A  1960   461   426   500   762   549   388   585   311   317   262
BTK11A  1970   410   246   332   418   464   486   402   408   414   419
BTK11A  1980   410   557   505   501   566   472   565   656   742   435
BTK11A  1990   562   611   445   693   670   597   450   436   606   645
BTK11A  2000   438   540   510   379   286   442   392   460   454   525
BTK11A  2010   671   599   473   442   377   617   352 -9999
BTK11B  1692  1047   863  1476  1225   654   762  1083  1253
BTK11B  1700  1172  1367  1260  1362   696  1712   960  1204   403  1148
BTK11B  1710  1128  1272  1489  1594  1430  1409  1431   669   666  1317
BTK11B  1720  1550   712  1020  1615  1585  1400  1370  1217  1458  1170
BTK11B  1730  1009  1128  1047  1145  1078   902  1046  1362   612   937
BTK11B  1740  1043  1126   780   842   280  1021  1247   859  1037  1273
BTK11B  1750  1553  1399  1348  1094  1035   941   630   886   911  1367
BTK11B  1760  1107  1306   752  1463  1379  1183  1139  1476  1200   975
BTK11B  1770   947  1034  1222  1007   822  1072   987  1021  1365  1197
BTK11B  1780  1114   850   667   487   853   726   929   857   795   909
BTK11B  1790   866  1111  1281   635   773   799  1042   888   807   695
BTK11B  1800   608   747   842   815   824   967   693   615   691   710
BTK11B  1810   817   885   648   691   742   606   568   635   574   538
BTK11B  1820   660   750   551   591   831   747   729   784   709   692
BTK11B  1830   785   808   828   850   692   652   752   883   625   806
BTK11B  1840   626   834   627   844   708   661   352   499   654   801
BTK11B  1850   586   545   602   616   681   427   398   476   494   557
BTK11B  1860   412   425   514   278   338   434   688   727   678   597
BTK11B  1870   520   515   415   545   513   524   383   654   797   608
BTK11B  1880   518   477   448   385   583   515   544   420   526   346
BTK11B  1890   382   581   542   352   549   662   426   590   599   532
BTK11B  1900   684   793  1055  1110  1105  1373  1283  1273  1129   871
BTK11B  1910   970   822   743   644   864   654   783   550   664   625
BTK11B  1920   525   682   427   486   531   517   524   670   692   756
BTK11B  1930   358   717   549   430   470   681   467   711   643   688
BTK11B  1940   702   611   790   774   956   896   628   716   596   575
BTK11B  1950   757   970   765   638   691   342   565   591   580   466
BTK11B  1960   545   558   639   740   566   699   711   602   455   365
BTK11B  1970   462   351   372   411   474   492   540   416   399   461
BTK11B  1980   526   625   416   354   566   523   633   644   683   425
BTK11B  1990   570   566   459   667   624   550   523   568   655   565
BTK11B  2000   525   485   444   361   291   298   311   342   186   530
BTK11B  2010   427   366   344   314   312   501   249 -9999
BTK12A  1551   852  1449  1150  1087  1401  1536  1866  1964  1367
BTK12A  1560  1257   991  1190   905  1502  1840  1510  1038   726   889
BTK12A  1570   770   572   635   551   652   807   672   919   862   692
BTK12A  1580   465   487   723   772   869   796   848   634   569   418
BTK12A  1590   549   494   508   229   356   282   502   437   412   518
BTK12A  1600   489   399   379   360   448   260   433   240   491   604
BTK12A  1610   704   592   218   422   162   402   198   388   179   345
BTK12A  1620   245   385   399   291   554   340   341   243   339   193
BTK12A  1630   222   221   146   182   225    86   677   263   328   237
BTK12A  1640   315   292   263   288   248   356   182   145   122   162
BTK12A  1650   134   148   157   172   157   277   197   178   178   137
BTK12A  1660   223   311   233   156   234   163   241   206   137   194
BTK12A  1670   194   199   141   185   184   237   248   210   278   237
BTK12A  1680   200   132   163   200   206   206   280   231   222   287
BTK12A  1690   268   215   344   158   153   159    69   164   158   153
BTK12A  1700   159   148   122   116    90   138    85   121    42   153
BTK12A  1710   159   127   132   143   174   180   154   105   116   153
BTK12A  1720   142    58   154   216   159   153   153   121   132   143
BTK12A  1730   164   208   167   254   206   154   190   185   116    84
BTK12A  1740   148   159   148   138    63   159   169   127   132   200
BTK12A  1750   274   258   216   158   185   169   132   312   348   365
BTK12A  1760   243   275   122   294   194   186   195   233   174   132
BTK12A  1770   180   137   217   237   185   216   265   268   275   206
BTK12A  1780   163   301   148   206   169   201   169   216   201   264
BTK12A  1790   201   195   264   111   227   169   206   163   174   148
BTK12A  1800   148   190   174   164   174   158   137   116   146   124
BTK12A  1810   116   109    63    92    98    81    81   109   109    98
BTK12A  1820   106   127   127    95   123   134    74    85   176    84
BTK12A  1830   105    99    56   102    70    95    81   102   127   116
BTK12A  1840    81   120    63   166    99    67    35   145    99   141
BTK12A  1850   116   134   120   194   201   187   137   134   162   140
BTK12A  1860   141   151   155    49   165   113   145   134   141   120
BTK12A  1870   102   120   102    99    77    88    67   137   180   109
BTK12A  1880    63    85   120    53   109   166   102    77   102   109
BTK12A  1890   102    92    81    66   131    91    77   134   166    63
BTK12A  1900    95    49    56    77    60    95    95   116   186   113
BTK12A  1910   102   120   180   275   296   213   251   102   183    60
BTK12A  1920   113   120    42    81    63    88    95    39    64    56
BTK12A  1930     0    49    49     0    56    31     0    74    88    74
BTK12A  1940   109    84   113    95   116   155   109    84    99   116
BTK12A  1950   116   208   113    67   134    63    70   123   113    88
BTK12A  1960    81    78    99   162   120   126   113   116    63    56
BTK12A  1970   113    53    67    92    67   113   109   130    95   180
BTK12A  1980   173   186   127    99    81   116   144   169   155    88
BTK12A  1990   120    95   120   187   165   183   120   165   172   119
BTK12A  2000   144   186   141   130    88   137    91    81    67   147
BTK12A  2010   123   112    70    80   122   136   105 -9999
BTK12B  1551   830  1408  1140  1037  1180  1282  1581  1633  1003
BTK12B  1560   954   742   941   812  1255  1292  1179   723   572   958
BTK12B  1570   768   518   781   818   924   946   510   854   895   762
BTK12B  1580   630   401   573   582   538   584   642   552   463   369
BTK12B  1590   349   348   297   152   244   218   256   296   268   409
BTK12B  1600   407   502   336   306   318   202   288   169   343   460
BTK12B  1610   552   483   103   185   130   144    52   173   143   143
BTK12B  1620   154   321   235   205   340   292   240   114   237   174
BTK12B  1630   155   207   155   237   258    93   150   145   147   151
BTK12B  1640   251   244   202   281   213   256   219   142   126   172
BTK12B  1650   132   162   136   178   158   173   146   194   136   125
BTK12B  1660   153   265   206   152   146   115   152   142   106   141
BTK12B  1670   126   131    63   136   137   168   183   157   121   153
BTK12B  1680   116   100   184   188   168   221   153   203   119   215
BTK12B  1690   221   194   249   117   221   158    32   114   173   158
BTK12B  1700   189   169   131   130   131   199    90    89    84   137
BTK12B  1710   179   179   178   168   205   204   163   111   168   174
BTK12B  1720   185    73   164   232   179   222   148   185   111   132
BTK12B  1730   142   164   153   268   209   157   201   225   134   101
BTK12B  1740   206   195   174    95    95   233   190   179   148   216
BTK12B  1750   243   185   217   116   147   159    74   221   137   303
BTK12B  1760   151   216    95   263   226   144   169   273   139   175
BTK12B  1770   142   185   185   168   169   195   232   201   243   169
BTK12B  1780   164   191   163   148   153   168   201   264   211   264
BTK12B  1790   211   196   336    92   243   222   211   169   206   190
BTK12B  1800   180   200   200   275   148   195    74   143   190   132
BTK12B  1810   206   158    84   121   143   122   137   137   142   127
BTK12B  1820   158   190   164   142   153   169   100   132   153   169
BTK12B  1830   142   148   148   164   116   148   127   132   190   216
BTK12B  1840   163   174   132   185   148   121    69   111   111   148
BTK12B  1850   164   132   137   195   158    79    69    95   136    95
BTK12B  1860   107   174   176    83   106   184   148   190   185   190
BTK12B  1870   135   109   175    93   148   100   100   174   111   141
BTK12B  1880    81    95   121   116   115   153   116   126   106   159
BTK12B  1890   121   111   141    81   153   139   105   155   200    88
BTK12B  1900   137    77    91    84    81   137   112   159   165   119
BTK12B  1910   109   119   168   176   220   193   199    74   158 -9999
BTK13A  1637   652   660   510
BTK13A  1640   425   858   558   934   455   764   888   528   680   776
BTK13A  1650   706   932  1411  1374   850   787   766   785   907   920
BTK13A  1660  1053   905  1201   763   983   816  1179  1153   878   984
BTK13A  1670  1183  1265   863  1343  1274  1513  1917  1224   920  1300
BTK13A  1680  1055  1126  1020  1403  1356  1370  1146   986   605  1065
BTK13A  1690   766   580   636   431   732   821   352   463   619   795
BTK13A  1700   708   601   639   609   534   696   626   421   257   526
BTK13A  1710   620   545   653   583   869   713   628   565   386   464
BTK13A  1720   496   284   369   532   409   436   407   483   634   930
BTK13A  1730   906  1035   925  1152  1202   882   723  1016   261   375
BTK13A  1740   588   835   693   587   366   767   606   535   708   932
BTK13A  1750  1421  1177  1015   753   756   810   676   673   614   861
BTK13A  1760   561  1104   580  1116   902   675   688   862   652   529
BTK13A  1770   634   467   677   498   461   576   729   975   620   622
BTK13A  1780   825   780   470   601   446   471   584   755   691   738
BTK13A  1790   653   761  1218   603   991   872   829   524   743   676
BTK13A  1800   708   681   705   751   617   726   476   405   512   484
BTK13A  1810   595   569   295   508   389   395   448   491   377   473
BTK13A  1820   562   779   409   306   540   406   545   585   680   664
BTK13A  1830   563   454   336   495   405   433   387   579   341   536
BTK13A  1840   538   473   326   520   323   407   195   442   517   663
BTK13A  1850   691   407   506   632   556   462   293   345   334   273
BTK13A  1860   304   323   350   221   316   415   445   333   400   423
BTK13A  1870   403   328   385   394   320   366   232   508   413   395
BTK13A  1880   237   297   351   234   220   444   372   237   468   422
BTK13A  1890   278   392   332   116   258   260   243   384   366   167
BTK13A  1900   365   240   332   254   266   361   408   380   640   448
BTK13A  1910   384   497   565   769   667   634   633   291   519   317
BTK13A  1920   342   509   247   286   258   116   273   316   464   380
BTK13A  1930   176   460   430   152   545   575   162   561   497   427
BTK13A  1940   413   523   483   392   638   624   460   555   495   464
BTK13A  1950   632   700   419   270   479   348   205   434   458   412
BTK13A  1960   342   229   488   645   559   664   586   419   351   506
BTK13A  1970   384   316   533   504   313   781   581   600   396   538
BTK13A  1980   569   662   556   473   430   522   710   842   872   262
BTK13A  1990   535   444   472   653   663   664   363   560   703   662
BTK13A  2000   691   544   524   478   263   494   314   272   269   454
BTK13A  2010   320   216   222   237   269   279   290 -9999
BTK13B  1637   677   887   749
BTK13B  1640   537  1118  1032  1183   725   945   962   547   614   827
BTK13B  1650   646  1012  1311  1998  1004  1292   899   787   818   838
BTK13B  1660   871   881   981   721  1043   633   698   804   698   676
BTK13B  1670   740   901   416   731   628   754   911   790   659   763
BTK13B  1680   592   581   610   825   657   614   442   575   314   608
BTK13B  1690   456   387   387   267   465   455   248   386   297   426
BTK13B  1700   365   412   275   324   261   413   181   242   141   271
BTK13B  1710   301   250   331   272   358   301   322   303   272   297
BTK13B  1720   277   143   296   336   286   256   327   286   265   336
BTK13B  1730   244   285   245   377   355   380   328   348   235   237
BTK13B  1740   266   380   260   298   165   388   256   236   317   409
BTK13B  1750   399   408   398   286   296   479   213   379   263   443
BTK13B  1760   313   439   256   473   304   262   396   454   273   324
BTK13B  1770   351   310   398   321   302   382   361   479   375   326
BTK13B  1780   356   441   281   385   281   373   425   435   405   491
BTK13B  1790   230   315   452   263   431   378   336   294   325   325
BTK13B  1800   377   314   356   346   337   321   209   212   300   198
BTK13B  1810   333   404   204   206   179   219   296   288   334   323
BTK13B  1820   271   435   280   228   415   382   381   401   520   396
BTK13B  1830   412   341   321   409   419   409   399   486   307   564
BTK13B  1840   430   493   314   510   464   537   311   487   593   627
BTK13B  1850   669   388   535   525   463   412   300   158   377   264
BTK13B  1860   327   369   348   241   358   444   432   400   450   431
BTK13B  1870   443   418   353   374   301   377   233   495   601   411
BTK13B  1880   317   295   441   213   379   496   443   348   538   391
BTK13B  1890   359   537   465   201   540   496   391   624   521   240
BTK13B  1900   444   349   423   349   391   548   657   783   899   698
BTK13B  1910   518   633   843   859   776   727   693   328   767   395
BTK13B  1920   420   575   277   380   319    86   295   340   454   413
BTK13B  1930   186   499   512   164   579   440   290   515   464   504
BTK13B  1940   442   660   507   419   674   634   472   515   515   413
BTK13B  1950   630   694   428   247   465   279   300   466   394   353
BTK13B  1960   363   239   458   551   510   646   603   438   429   570
BTK13B  1970   560   324   607   450   382   593   535   525   320   411
BTK13B  1980   490   600   474   400   431   558   663   997   873   505
BTK13B  1990   654   685   822   811   823   810   433   844   841 -9999
BTK13C  1652  1220  1513   777   971   843   850  1081  1102
BTK13C  1660  1212  1270  1768  1081  1402   924  1518  1425  1166  1065
BTK13C  1670  1070  1394   792  1232   995   853  1354   873   686   813
BTK13C  1680   613   725   875  1192   896   773   693   727   370   665
BTK13C  1690   532   407   532   344   451   427   251   367   456   561
BTK13C  1700   382   359   328   401   366   453   369   312   217   401
BTK13C  1710   406   398   486   405   549   463   399   338   273   291
BTK13C  1720   305   142   295   369   212   234   221   289   239   367
BTK13C  1730   316   354   323   419   423   362   416   466   270   271
BTK13C  1740   376   489   373   362   195   471   284   307   465   559
BTK13C  1750   589   394   317   200   213   261   177   284   267   379
BTK13C  1760   183   306   233   284   252   227   259   328   254   242
BTK13C  1770   321   195   353   234   250   345   328   419   295   195
BTK13C  1780   361   330   179   286   174   266   239   305   324   426
BTK13C  1790   204   329   396   358   422   233   339   241   313   267
BTK13C  1800   254   246   258   302   228   272   167   181   271   145
BTK13C  1810   192   219   124   174   113   183   218   256   299   284
BTK13C  1820   275   427   238   174   295   252   205   264   368   330
BTK13C  1830   252   212   209   253   358   263   227   339   219   332
BTK13C  1840   255   232   258   265   248   337   202   219   336   389
BTK13C  1850   394   265   342   360   406   243   211   233   276   266
BTK13C  1860   303   297   327   173   289   286   370   243   297   354
BTK13C  1870   300   344   287   297   261   286   199   390   438   233
BTK13C  1880   288   274   308   196   239   425   333   260   407   380
BTK13C  1890   287   405   237   173   355   370   296   422   373   200
BTK13C  1900   328   267   286   262   296   426   449   503   624   491
BTK13C  1910   332   479   643   787   723   696   496   275   571   293
BTK13C  1920   316   690   325   440   358   105   316   358   446   369
BTK13C  1930   187   450   406   147   538   404   294   398   474   403
BTK13C  1940   564   596   536   375   477   545   295   272   295   290
BTK13C  1950   464   584   330   150   349   285   243   356   339   234
BTK13C  1960   264   190   317   506   394   450   419   299   348   423
BTK13C  1970   464   222   433   391   306   514   415   497   275   412
BTK13C  1980   370   528   328   327   370   491   523   739   741   232
BTK13C  1990   497   539   475   717   632   656   349   602   543   640
BTK13C  2000   570   571   538   327   264   423   306   421   380   486
BTK13C  2010   380   285   243   338   349   483   267 -9999
BTK14A  1719  1224
BTK14A  1720  1425  1005  1373  1677  1669  1326  1039  1274  1167  1168
BTK14A  1730  1083  1249  1094  1165  1256  1163  1009  1291   718   876
BTK14A  1740  1131  1234  1106   964   291  1040  1135  1250  1148  1397
BTK14A  1750  1742  1469  1051  1072  1032  1314   711   911  1217  1218
BTK14A  1760   891  1308   877  1170  1024   949   992  1625  1383  1081
BTK14A  1770  1054   955   789   837   681   835   899  1038  1125   921
BTK14A  1780   995   863   401   317   528   591   781   833   884   961
BTK14A  1790   695   758   941   464   549   803   665   560   644   570
BTK14A  1800   401   592   518   558   655   533   428   418   438   517
BTK14A  1810   533   638   530   421   436   388   348   496   518   465
BTK14A  1820   391   581   359   380   485   497   537   557   557   432
BTK14A  1830   473   573   488   566   400   539   528   622   632   664
BTK14A  1840   468   525   338   560   507   423   269   380   449   681
BTK14A  1850   560   460   458   598   486   417   364   382   358   428
BTK14A  1860   362   315   223   185   227   306   395   311   339   315
BTK14A  1870   426   442   338   401   294   351   281   426   487   389
BTK14A  1880   349   404   353   282   348   414   327   249   378   315
BTK14A  1890   314   357   411   287   386   466   286   333   389   338
BTK14A  1900   407   335   351   350   375   470   528   477   680   597
BTK14A  1910   507   560   618   646   759   638   787   325   504   338
BTK14A  1920   305   290   208   199   276   426   375   459   439   413
BTK14A  1930   179   404   420   242   300   422   256   389   357   508
BTK14A  1940   368   310   414   427   403   461   352   317   401   357
BTK14A  1950   515   527   347   282   323   147   248   286   353   502
BTK14A  1960   331   229   380   536   389   365   333   433   413   427
BTK14A  1970   475   336   393   484   472   448   511   394   387   450
BTK14A  1980   475   518   496   396   442   308   484   504   583   349
BTK14A  1990   432   434   349   522   553   522   442   367   570   623
BTK14A  2000   373   511   468   440   434   485   359   498   542   523
BTK14A  2010   465   359   423   391   447   535   386 -9999
BTK14B  1716  1238   766   506   984
BTK14B  1720  1102   591   957  1171  1151  1172  1014   992   961  1162
BTK14B  1730   992  1191  1003  1057  1347  1319  1019  1384   770  1117
BTK14B  1740  1373  1487  1369  1044   333  1513  1380  1248  1341  1413
BTK14B  1750  1554  1397   896   887   866  1036   539   814   687  1036
BTK14B  1760  1099  1352   761  1057   918   611  1227  2061  1442  1151
BTK14B  1770  1193  1266  1437   982  1114  1198  1208  1425  1478  1225
BTK14B  1780  1198  1065   596   325   567   473   505   578   619   766
BTK14B  1790   545   744   817   423   513   614   525   410   462   452
BTK14B  1800   349   495   401   407   496   412   422   348   380   348
BTK14B  1810   454   485   337   390   474   425   296   453   448   463
BTK14B  1820   389   495   343   331   358   442   442   442   567   358
BTK14B  1830   389   374   426   432   316   506   401   523   178   254
BTK14B  1840   528   352   399   315   463   431   316   443   422   400
BTK14B  1850   379   348   411   422   358   347   273   263   263   306
BTK14B  1860   274   306   200   169   243   327   465   370   369   338
BTK14B  1870   496   464   401   401   264   285   306   432   485   496
BTK14B  1880   422   411   411   222   390   443   337   264   359   285
BTK14B  1890   264   327   348   211   359   401   211   327   296   317
BTK14B  1900   443   327   306   360   227   352   464   485   599   421
BTK14B  1910   524   383   508   609   613   633   643   348   433   412
BTK14B  1920   317   308   221   240   263   411   306   476   683   454
BTK14B  1930   179   454   404   230   306   551   271   481   404   699
BTK14B  1940   461   454   614   622   525   546   473   347   441   431
BTK14B  1950   712   722   429   293   325   168   315   346   389   379
BTK14B  1960   347   336   379   588   431   389   399   472   451   608
BTK14B  1970   587   367   513   607   552   566   629   461   430   556
BTK14B  1980   524   619   503   430   534   356   493   608   734   336
BTK14B  1990   441   556   546   683   567   578   431   420   640   609
BTK14B  2000   319   378   399   320   241   361   220   304   313   360
BTK14B  2010   366   392   340   342   355   458   297 -9999
BTK15A  1599  1353
BTK15A  1600  1008  1288   779  1251   955   580   870   927  1460  1480
BTK15A  1610  1791  1603   989  1137   604   847   483  1077  1090  1461
BTK15A  1620  1112  1521  1327   967  1443  1060   911   900  1308   820
BTK15A  1630   828   884   455   842   976   533   832   519   768   596
BTK15A  1640   815   707   720   924   740   861   596   360   419   430
BTK15A  1650   127   392   546   725   428   481   359   336   316   301
BTK15A  1660   382   585   516   235   417   264   422   410   396   492
BTK15A  1670   555   603   177   378   351   378   271   411   287   281
BTK15A  1680   260   305   347   373   400   409   332   346   198   425
BTK15A  1690   396   288   363   170   249   338   106   171   216   294
BTK15A  1700   248   256   200   279   188   319   239   189    80   270
BTK15A  1710   260   235   303   182   422   375   405   296   275   316
BTK15A  1720   438   144   311   479   363   256   250   276   190   294
BTK15A  1730   235   249   198   408   394   296   337   327   290   128
BTK15A  1740   310   410   215   294   127   457   270   361   297   433
BTK15A  1750   362   322   454   425   357   321   334   388   235   350
BTK15A  1760   326   404   234   479   278   208   500   652   368   428
BTK15A  1770   371   310   477   329   337   349   323   294   376   278
BTK15A  1780   319   339   210   345   276   252   416   506   498   617
BTK15A  1790   393   385   493   357   486   451   311   280   372   309
BTK15A  1800   408   426   322   334   252   291   216   250   363   286
BTK15A  1810   311   247   201   243   267   202   260   359   305   235
BTK15A  1820   305   491   296   240   306   317   358   309   460   450
BTK15A  1830   381   343   381   420   346   349   505   495   351   739
BTK15A  1840   444   559   420   517   489   433   188   467   498   486
BTK15A  1850   634   449   518   600   490   368   298   299   357   331
BTK15A  1860   368   309   218   250   258   309   398   253   345   316
BTK15A  1870   213   235   199   253   183   247   273   376   384   248
BTK15A  1880   222   277   255   245   254   535   504   287   441   402
BTK15A  1890   309   341   190   103   364   329   269   408   427   203
BTK15A  1900   403   284   381   379   295   525   477   633   552   505
BTK15A  1910   373   575   646   630   722   702   559   225   667   360
BTK15A  1920   393   473   285   288   359   186   198   276   401   336
BTK15A  1930   154   400   516   171   584   387   250   607   515   320
BTK15A  1940   448   577   504   400   570   561   423   434   516   506
BTK15A  1950   707   585   355   320   604   451   317   346   390   457
BTK15A  1960   338   226   310   436   331   375   387   373   271   315
BTK15A  1970   368   185   349   411   312   586   560   511   292   467
BTK15A  1980   462   520   463   470   416   441   564   591   613   337
BTK15A  1990   405   459   541   669   499   446   307   433   565   629
BTK15A  2000   506   475   441   374   339   453   307   355   487   495
BTK15A  2010   402   227   231   254   266   457   253 -9999
BTK 17A 1758   555  1028
BTK 17A 1760  1179  1418   686  1109  1217  1541  1603  1976  1505  1470
BTK 17A 1770  1426  1452  1654  1445  1016  1237  1176  1547  1346   955
BTK 17A 1780  1077   952   574   787   656   822   926  1131  1144  1332
BTK 17A 1790   944   955  1237   838  1178  1357  1113   796  1018   940
BTK 17A 1800  1209  1221   965  1094  1149  1212   856   791   852   901
BTK 17A 1810   863   813   856   666   650   596   791   968   756   821
BTK 17A 1820   793   794   662   604   676   689   905   944   918   885
BTK 17A 1830   765   876   697   988   852   887   733   968   732  1133
BTK 17A 1840   769   746   626   839   712   729   572   637   684   793
BTK 17A 1850   865   824   810  1201   944   776   547   802   653   669
BTK 17A 1860   673   729   535   460   489   673   755   702   752   798
BTK 17A 1870   876   620   676   632   598   847   634  1013  1474   977
BTK 17A 1880   737   690   725   448   754   968   928   789   885   891
BTK 17A 1890   704   816   957   497   466   739   656   748   893   804
BTK 17A 1900  1043   889   879   677   933  1052  1296  1216  1322   901
BTK 17A 1910   839   970   885   904  1058  1153  1046   447   582   475
BTK 17A 1920   350   605   386   399   417   578   627   945  1264  1240
BTK 17A 1930   826   938   833   550   840   709   380   731  1013  1012
BTK 17A 1940   924   918   685   587   732   775   612   666   789   630
BTK 17A 1950   552   449   513   402   421   391   295   388   346   622
BTK 17A 1960   449   410   300   433   373   517   397   308   289   269
BTK 17A 1970   419   289   361   341   317   418   543   592   585   664
BTK 17A 1980   657   799   544   528   557   562   664   781   831   316
BTK 17A 1990   573   573   553   751   719   702   515   605   814   895
BTK 17A 2000   783   526   535   428   384   593   405   465   310   456
BTK 17A 2010   490   395   299   458   561   804   529 -9999
BTK 17B 1769  1613
BTK 17B 1770  1706  1535  1860  1546  1367  1562  1554  1836  1956  1490
BTK 17B 1780  1363  1348   962  1065  1483  1014  1341  1312  1392  2147
BTK 17B 1790  1727  1510  2284  1358  1783  1689  1529  1151  1221  1312
BTK 17B 1800  1332  1416  1284  1252  1340  1596  1205   858  1062  1041
BTK 17B 1810  1098  1045   876   801   671   729  1058  1186  1241  1160
BTK 17B 1820  1111  1130   903   588   943   919   993  1022  1108  1109
BTK 17B 1830   826  1046   915  1147  1082  1174   727   983   672   940
BTK 17B 1840   673   850   738   705   714   633   385   437   654   780
BTK 17B 1850   877   765   782   984   796   687   606   831   704   830
BTK 17B 1860   644   767   748   574   566   555   916   805   741   743
BTK 17B 1870   692   693   474   738   593   640   551   662   666   538
BTK 17B 1880   439   436   534   320   609   757   608   573   584   591
BTK 17B 1890   689   687   549   406   440   526   499   564   611   412
BTK 17B 1900   665   480   512   423   437   592   613   759   605   425
BTK 17B 1910   425   394   491   555   621   681   566   261   440   343
BTK 17B 1920   240   449   253   252   321   358   218   492   491   557
BTK 17B 1930   398   458   461   264   373   417   210   398   444   456
BTK 17B 1940   541   700   586   403   591   703   576   544   519   503
BTK 17B 1950   523   658   626   503   546   529   334   497   377   553
BTK 17B 1960   412   427   394   551   501   446   506   397   383   315
BTK 17B 1970   530   383   380   529   434   552   807   547   541   621
BTK 17B 1980   685   821   574   561   553   476   838   850   945   408
BTK 17B 1990   609   710   574   910   993   893   602   523   817   674
BTK 17B 2000   602   662   503   463   268   490   418   253   307   483
BTK 17B 2010   469   328   222   317   307   624   412 -9999
BTK19B  1503  1243  1570  1232  1522   846  1298   842
BTK19B  1510   983   949   998  1010   882   767   928  1059   996   934
BTK19B  1520  1449  1868  1194  1453   957  1502   920  1117  1283  1119
BTK19B  1530   810  1241   526   502   656   837   722   606   581   845
BTK19B  1540   678   714   824   845   714   731  1118  1347  1178  1058
BTK19B  1550  1056   521  1036   790   884   899   813   966  1110   979
BTK19B  1560   758   576   805   554   631   390   932   681   631   490
BTK19B  1570   505   378   418   513   409   685   453   704   782  1037
BTK19B  1580   778   274   614   667   724   666   694   570   529   584
BTK19B  1590   410   467   480   217   320   345   647   854   676   761
BTK19B  1600   705   735   646   812   641   480   468   426   553   677
BTK19B  1610   602   655   230   572   281   489   225   487   249   496
BTK19B  1620   494   457   491   554   893   782   542   419   706   482
BTK19B  1630   307   557   349   558   548   192   485   400   494   318
BTK19B  1640   591   623   647   620   446   619   328   334   342   434
BTK19B  1650   355   369   337   466   475   415   294   285   333   372
BTK19B  1660   423   532   550   405   496   276   441   371   445   405
BTK19B  1670   487   345   321   365   320   531   449   443   403   426
BTK19B  1680   343   400   466   414   376   444   406   284   244   372
BTK19B  1690   310   259   221   228   296   284   233   243   301   193
BTK19B  1700   299   280   239   358   214   234   189   194   126   320
BTK19B  1710   234   150   334   247   302   283   225   260   154   249
BTK19B  1720   210   238   250   176   345   260   345   264   263   310
BTK19B  1730   264   259   281   358   266   288   239   350   320   195
BTK19B  1740   219   348   391   333   201   298   235   344   270   352
BTK19B  1750   514   491   350   232   239   251   266   302   227   304
BTK19B  1760   263   418   237   408   257   290   243   248   156   209
BTK19B  1770   263   189   221   211   169   190   197   298   234   183
BTK19B  1780   248   305   127   189   141   186   193   277   250   313
BTK19B  1790   264   250   309   214   250   264   296   161   214   177
BTK19B  1800   213   268   239   214   246   278   220   160   241   210
BTK19B  1810   191   300   261   242   200   169   225   206   230   245
BTK19B  1820   228   243   246   219   222   233   221   216   260   250
BTK19B  1830   222   195   151   260   198   216   147   235   174   196
BTK19B  1840   264   386   206   281   257   213   138   158   282   329
BTK19B  1850   345   238   217   368   269   207   177   234   247   276
BTK19B  1860   203   221   231   144   161   253   282   273   178   211
BTK19B  1870   264   227   137   285   185   285   206   286   259   126
BTK19B  1880   154   119   145   164   238   205   221   187   205    95
BTK19B  1890   164   174   259   169   170   179   258   307   180   222
BTK19B  1900   238   186   152   166   177   195   100   174   419   342
BTK19B  1910   195   164   258   378   197   161   294   150   228   189
BTK19B  1920   137   161   144   158   180    58   163   185   105   216
BTK19B  1930    90   142   143   132   155   167   126   206   171   108
BTK19B  1940   185   179   285   193   240   241   182   137   189   215
BTK19B  1950   251   260   177   169   163   158   244   316   305   219
BTK19B  1960   147   155   184   296   185   296   161   206   126   179
BTK19B  1970   132   189   247   173   205   258   216   201   205   211
BTK19B  1980   132   279   189   137   200   190   247   195   311    95
BTK19B  1990   163   232   132   195   216   169   200   168   158   232
BTK19B  2000   237   147   232   158    74   179   185   148   137   153
BTK19B  2010   158   153    95   127   137   242   221 -9999
BTK19A  1473   934  1875  1755  1697  1099  1388  1544
BTK19A  1480  1405  1289  1261  1538  1476  1909  1499  1451  1164  1415
BTK19A  1490  1588  1602  1380  1334   973  1406  1525  1207   767  1172
BTK19A  1500   951  1224  1014  1180  1484  1128  1590   973  1301   950
BTK19A  1510   984   864  1084  1310  1159   992  1047  1241  1143  1175
BTK19A  1520  1301  1784  1260  1254  1024  1362   919  1052   924  1027
BTK19A  1530   894  1172   709   660   727   921   692   707   665   827
BTK19A  1540   739   766   787   832   726   818  1118  1211  1436  1192
BTK19A  1550  1176   627   967   883   898   941   929  1003  1153   943
BTK19A  1560   865   581   846   689   757   461  1020   809   708   617
BTK19A  1570   622   435   524   588   443   807   700   822   933  1141
BTK19A  1580   933   361   708   752   754   733   844   681   701   742
BTK19A  1590   479   555   640   266   402   440   621   715   694   774
BTK19A  1600   669   666   539   852   616   414   407   336   555   783
BTK19A  1610   696   785   315   585   371   477   273   610   364   567
BTK19A  1620   540   551   494   571  1026   811   531   442   737   568
BTK19A  1630   424   657   389   654   471   241   502   406   410   300
BTK19A  1640   543   482   572   534   442   723   293   392   282   340
BTK19A  1650   296   274   272   346   382   310   291   242   334   322
BTK19A  1660   431   424   507   534   290   344   445   367   391   361
BTK19A  1670   347   330   319   287   348   340   361   347   352   480
BTK19A  1680   379   305   491   395   380   499   398   302   228   372
BTK19A  1690   340   289   256   280   303   311   220   318   284   232
BTK19A  1700   351   277   246   314   205   251   174   203   157   307
BTK19A  1710   229   171   341   301   307   296   238   272   189   265
BTK19A  1720   235   242   229   200   295   205   256   181   269   270
BTK19A  1730   235   259   270   395   225   302   315   358   288   187
BTK19A  1740   256   324   335   323   233   249   189   308   284   322
BTK19A  1750   384   418   263   214   250   246   280   327   241   356
BTK19A  1760   314   365   250   472   241   351   245   282   155   193
BTK19A  1770   241   227   270   218   250   207   216   338   291   201
BTK19A  1780   241   318   202   205   117   211   255   297   267   379
BTK19A  1790   253   281   386   273   380   354   277   199   244   178
BTK19A  1800   286   295   285   221   267   299   205   182   199   202
BTK19A  1810   219   245   237   254   207   178   193   231   196   207
BTK19A  1820   207   245   239   223   227   217   225   269   244   224
BTK19A  1830   273   242   191   263   205   247   113   222   129   247
BTK19A  1840   214   332   174   254   204   229   160   151   218   304
BTK19A  1850   327   214   272   275   230   198   199   180   198   261
BTK19A  1860   186   217   194   186   155   181   216   182   171   160
BTK19A  1870   184   198   123   165   161   147   178   205   195   113
BTK19A  1880   151    90   161   137   183   190   239   178   203   141
BTK19A  1890   163   155   326   140   192   200   280   400   308   283
BTK19A  1900   414   255   233   181   177   253   132   171   276   247
BTK19A  1910   201   153   246   378   383   391   540   286   543   384
BTK19A  1920   263   212   166   210   193    45   142   302   376   231
BTK19A  1930   140   271   338   206   388   210   126   220   146   164
BTK19A  1940   272   291   315   258   319   353   299   195   185   142
BTK19A  1950   226   175   262   250   199   222   184   186   211   204
BTK19A  1960   148   172   176   235   300   189   254   173   152   172
BTK19A  1970   193   137   194   198   212   248   247   213   223   166
BTK19A  1980   222   207   163   154   160   197   307   223   321   113
BTK19A  1990   167   197   161   223   278   182   166   220   162   221
BTK19A  2000   228   156   200   142    54   210   122   166   140   150
BTK19A  2010   101   187    85   125   113   267   136 -9999
BTK20A  1665   494   664   549   538   549
BTK20A  1670   865   892   699  1042   790   980  1075  1169   950  1061
BTK20A  1680  1106   727   887   876  1147  1085   876   861  1033  1140
BTK20A  1690   802   905  1329   709   913   782   445   496   628   658
BTK20A  1700   672   708   508   508   407   612   325   486   304   534
BTK20A  1710   445   476   551   586   808   654   695   550   748   946
BTK20A  1720   833   364   927   908   837   753   732   658   522   637
BTK20A  1730   500   479   416   748   685   529   528   631   485   441
BTK20A  1740   584   759   638   658   248   626   515   575   606   871
BTK20A  1750   876   859   743   644   628   649   467   649   650   836
BTK20A  1760   645   812   636   845   521   679   692   933   759   822
BTK20A  1770   834   804   895   681   784   845   986  1085  1043   707
BTK20A  1780   785   908   697   660   725   513   844   981   798   790
BTK20A  1790   811   718   875   448   595   720   867   773   826   815
BTK20A  1800   784   764   827   996   870   982   774   689   824   699
BTK20A  1810   791   760   626   605   668   533   617   618   764   712
BTK20A  1820   617   734   577   545   587   650   629   692   828   693
BTK20A  1830   651   640   776   808   672   672   662   955   808   797
BTK20A  1840   692   755   609   756   661   493   399   147   247   309
BTK20A  1850   246   230   319   235   247   116   179   157   198   173
BTK20A  1860   126   136   121    74   105   204   162   198   172   136
BTK20A  1870   183   167   167   219   146   141   147   230   278   231
BTK20A  1880   253   231   232   189   216   383   252   315   315   315
BTK20A  1890   221   273   284   257   331   357   310   331   425   263
BTK20A  1900   299   273   283   336   440   502   459   521   750   604
BTK20A  1910   593   447   603   769   833   740   932   556   618   440
BTK20A  1920   450   482   388   462   378   284   242   421   463   390
BTK20A  1930   316   569   484   421   506   737   474   749   812   843
BTK20A  1940   958   937   968   897   844  1002   822   695   747   778
BTK20A  1950   873  1111   734   627   603   687   521   583   595   658
BTK20A  1960   553   533   606   920   679   825   909   700   618   587
BTK20A  1970   629   514   717   706   634   813   789   674   696   622
BTK20A  1980   527   828   654   596   581   544   766   740   719   418
BTK20A  1990   529   592   597   861   835   745   671   617   803   776
BTK20A  2000   697   617   475   602   438   602   607   586   374   665
BTK20A  2010   680   559   501   480   581   891   555 -9999
BTK20B  1685  1129  1190  1079   882  1095
BTK20B  1690   896  1150  1276   547   756   821   506   645   697   634
BTK20B  1700   702   558   442   411   442   685   348   432   328   554
BTK20B  1710   498   460   648   516   716   567   471   399   358   656
BTK20B  1720   572   306   632   653   601   737   684   558   527   568
BTK20B  1730   446   518   352   603   521   541   469   660   499   478
BTK20B  1740   590   738   617   607   264   624   530   641   555   830
BTK20B  1750   978  1041  1072   704   757   977   621   759   717   906
BTK20B  1760   805   936   751   982   778   952   890  1081   782   936
BTK20B  1770   893  1065  1078   962   903  1052  1189  1337  1284   957
BTK20B  1780   842  1130   814   777   804   802  1009  1110  1120  1048
BTK20B  1790   934  1031  1191   752   867   950  1023   849   963   856
BTK20B  1800   842   917   948  1020   988  1143   894   822   904   896
BTK20B  1810   821   983   773   595   667   571   624   624   720   773
BTK20B  1820   700   774   763   669   754   845   859   984  1209   959
BTK20B  1830   845   719   635   950   722   827   691   942   775   849
BTK20B  1840   779   875   706   864   832   589   484   209   222   326
BTK20B  1850   252   210   284   274   306   216   153   189   181   157
BTK20B  1860   113   168    91    81    72   133   194   176   140   113
BTK20B  1870   169   122    94   138   117    83    85   180   178   182
BTK20B  1880   147    92   175   104   134   253   179   127   158   169
BTK20B  1890   155   141   211   135   171   221   221   243   232   200
BTK20B  1900   295   129   229   284   284   431   417   490   584   542
BTK20B  1910   427   406   437   500   532   617   711   418   566   429
BTK20B  1920   366   439   334   345   397   127   187   346   430   442
BTK20B  1930   273   495   432   327   411   639   419   713   798   778
BTK20B  1940   789   622   823   824   813   898   845   750   750   634
BTK20B  1950   782  1131   719   550   560   708   634   740   824   951
BTK20B  1960   834   760  1004  1279   923  1128  1023   733   749   786
BTK20B  1970   722   607   864   890   786  1023  1149   922   902   923
BTK20B  1980   835  1135   898  1003  1051   994  1190  1195  1110   671
BTK20B  1990   835   957   888  1173  1247  1179  1014  1047  1248  1099
BTK20B  2000  1004   945   776   938   792   939   974   985   607   998
BTK20B  2010   999   841   866   820   967  1401   751 -9999
BTK 33A 1765  2424  2474  2912  3019  2331
BTK 33A 1770  2233  2211  2189  1790  1918  2030  2197  2175  2319  2030
BTK 33A 1780  2045  1775  1276  1482  1625  1243  1533  1496  1656  1930
BTK 33A 1790  1478  1485  1648  1288  1663  1818  1747  1345  1381  1174
BTK 33A 1800  1170  1359  1239  1229  1629   642   378   216   362   424
BTK 33A 1810   318   393   452   711   532   732  1190  1505  1272  1494
BTK 33A 1820  1317  1095  1050   881  1051  1045  1306  1536  1597  1629
BTK 33A 1830  1256  1143   929  1220   852  1131   817  1066   666  1124
BTK 33A 1840   930   966   767   826   974   641   815   646   592  1069
BTK 33A 1850  1445  1325  1237  1164  1246   976   809   824   663   594
BTK 33A 1860   610   564   473   547   534   619  1153  1141  1213  1098
BTK 33A 1870  1152  1032   855  1395  1131  1017  1228  1439  1237   844
BTK 33A 1880  1042   569   900   787  1196  1588  1436  1278  1247  1227
BTK 33A 1890  1112  1145  1238   853   811  1108  1026  1037   957   704
BTK 33A 1900  1039   209   243   220     0   188   107   158   218   236
BTK 33A 1910   236   260   379   606   793   589  1042   744   592   590
BTK 33A 1920   590   628   636   560   571   305   469   886   818  1525
BTK 33A 1930   913  1131   945   634   686  1153   499   838   878   894
BTK 33A 1940  1175   979   851   941  1102  1388  1187   803   911   628
BTK 33A 1950  1051   444   692   603   755   746   624   744   793  1246
BTK 33A 1960  1076   890   647  1162   798   969   727   712   683   680
BTK 33A 1970   857   551   590   856   835  1097  1145  1102  1076  1009
BTK 33A 1980  1059  1486  1019   789  1198   808  1276  1363  1502   651
BTK 33A 1990   691   900   642   980   949   921   763   728   678   865
BTK 33A 2000   646   466   581   591   298   561   412   487   401   433
BTK 33A 2010   285   318   244   345   296   631   335 -9999
BTK 33B 1751  2680  2886  2310  2176  2467  2343  2266  2593  3464
BTK 33B 1760  2573  2407  1640  2220  2083  2233  2415  3057  2993  2015
BTK 33B 1770  2275  1997  1541  1875  1521  1484  1995  2151  2331  2010
BTK 33B 1780  1957  1734  1355  1450  1674  1373  1517  1672  1621  1713
BTK 33B 1790  1344  1430  1573  1293  1506  1726  1404  1213  1192  1221
BTK 33B 1800  1453  1233  1389  1236  1575   336   158     0   336   284
BTK 33B 1810   253   253   296   274   232   366   741  1359  1042  1075
BTK 33B 1820  1215  1294  1178  1152  1259  1107   980  1145  1209   989
BTK 33B 1830   701   603   429   572   548   672   542   759   441   858
BTK 33B 1840   792   873   687   808   651   330   519   530   515   831
BTK 33B 1850  1139  1050   955   831   809   792   616   663   538   480
BTK 33B 1860   481   498   507   496   338   506   938   918   919  1035
BTK 33B 1870  1062  1203   967  1431  1100  1094  1164  1255  1222   690
BTK 33B 1880   782   725   814   391   796  1050   940   721   915   857
BTK 33B 1890   687   737   932   804   742  1023   937  1021  1018   666
BTK 33B 1900   876   242   109   108     0   117    67   177   232   212
BTK 33B 1910   190   220   187   314   326   295   379   319   431   551
BTK 33B 1920   375   552   858   785   838   407   601  1071   918  1517
BTK 33B 1930   889  1173  1015   792   940  1231   606   876  1053  1293
BTK 33B 1940  1379   845   898  1005   920  1226  1230  1231   953   727
BTK 33B 1950   980   548   707   611   641   706   623   912  1094  1775
BTK 33B 1960  2029  1227   757  1663  1119  2206  1401  1220   948   996
BTK 33B 1970   801   537   603   873   842  1351  1512  1226  1342  1311
BTK 33B 1980  1031  1429  1484  1194  2527  1764  2398  2007  1712  1004
BTK 33B 1990   972  1034  1479  1511  1850  1353  1237  1068  1268  1110
BTK 33B 2000   761   622   888   737   391   697   613   538   506   465
BTK 33B 2010   570   454   369   527   569   813   433 -9999
BTK 34A 1653  1570   960  1733  1505   822  1275  1514
BTK 34A 1660  1348  1711  1617  1107   872   909  1433  1315   816  1045
BTK 34A 1670  2006  1744   551  1468  1483  1759  1985  2020  1705  1786
BTK 34A 1680  2028  1778  1769  2569  1908  1791  1185  1277   698  1551
BTK 34A 1690  1519  1071  1363   902  1515  1530   691   913  1136  1639
BTK 34A 1700  1087  1616  1367  1422   908  1122   757   715   631  1085
BTK 34A 1710   801  1047  1267  1146  1242  1143   980   889   540   678
BTK 34A 1720  1011   566  1246  1440   751   549   583   680   720  1013
BTK 34A 1730   753   795   751  1097   957   699   715  1127   772   486
BTK 34A 1740   777   920   557   371   245   776   560   594   582   896
BTK 34A 1750   931   717   734   548   417   670   482   601   363   639
BTK 34A 1760   440   863   356   633   657   396   523   979   723   875
BTK 34A 1770   860   430   713   420   414   581   757   801   643   470
BTK 34A 1780   717   587   502   519   498   466   611   623   645   845
BTK 34A 1790   501   574   942   360   756   664   620   488   485   411
BTK 34A 1800   582   660   505   543   480   854   706   504   633   398
BTK 34A 1810   492   460   254   314   319   306   565   464   439   394
BTK 34A 1820   438   714   431   602   665   474   545   538   570   487
BTK 34A 1830   556   481   613   570   434   568   786   743   695   852
BTK 34A 1840   559   620   291   669   347   337   287   624   798   835
BTK 34A 1850   786   692   769   537   532   468   366   322   382   415
BTK 34A 1860   512   314   296   267   361   520   441   437   520   477
BTK 34A 1870   453   317   461   403   362   430   288   522   657   470
BTK 34A 1880   528   528   425   231   316   611   435   301   466   437
BTK 34A 1890   273   526   349   208   499   356   396   479   443   203
BTK 34A 1900   359   243   253   141   156   275   241   278   366   267
BTK 34A 1910   177   203   281   353   321   279   313   109   205   113
BTK 34A 1920   148   194    82   133   140     0   140   106   213   126
BTK 34A 1930   118   305   318   140   324   249    96   345   259   311
BTK 34A 1940   343   436   430   357   487   413   380   361   324   337
BTK 34A 1950   393   572   266   216   275   266   211   259   314   223
BTK 34A 1960   228   172   238   456   252   304   243   231   147   305
BTK 34A 1970   222   173   311   302   259   465   377   297   216   364
BTK 34A 1980   397   501   375   357   300   404   510   713   474   310
BTK 34A 1990   447   372   645   618   496   399   194   406   519   439
BTK 34A 2000   367   389   346   272   337   426   305   306   179   546
BTK 34A 2010   379   262   293   294   357   500   287 -9999
BTK 34B 1655   896  1286   883  1578  1875
BTK 34B 1660  1558  2100  1841  1333  1139  1050  1434  1341   811  1072
BTK 34B 1670  1940  1577   444  1493  1359  1585  1851  1768  1745  1897
BTK 34B 1680  1723  1510  1489  2145  1613  1678  1025  1287   853  1500
BTK 34B 1690  1182   753  1167   694   966  1028   470   639   978  1359
BTK 34B 1700  1130  1273  1066  1118   624   749   677   707   408   958
BTK 34B 1710   800   880  1084   934   982   960  1154   983   676   671
BTK 34B 1720  1109   522  1000  1049   622   453   528   593   985   883
BTK 34B 1730   567   706   583   849   838   584   661   958   640   448
BTK 34B 1740   758   906   452   454   314   765   566   588   489   835
BTK 34B 1750   967   578   756   547   399   649   463   389   434   645
BTK 34B 1760   367   792   275   592   471   345   655  1113   712   891
BTK 34B 1770   743   411   585   428   402   550   707   644   549   455
BTK 34B 1780   517   486   306   423   444   380   518   540   570   856
BTK 34B 1790   440   466   924   370   832   680   618   449   581   411
BTK 34B 1800   550   634   516   501   433   753   615   547   675   352
BTK 34B 1810   417   440   294   366   286   355   474   518   476   384
BTK 34B 1820   585   680   420   408   506   474   435   431   569   455
BTK 34B 1830   367   401   423   421   475   488   534   528   423   592
BTK 34B 1840   371   451   303   529   297   313   160   426   487   550
BTK 34B 1850   687   440   495   423   432   386   327   337   339   390
BTK 34B 1860   377   299   307   236   366   489   531   449   520   476
BTK 34B 1870   430   389   431   506   417   505   298   588   610   442
BTK 34B 1880   348   407   342   290   358   659   473   270   440   365
BTK 34B 1890   236   470   350   231   484   458   393   536   436   260
BTK 34B 1900   401   208   267   206   127   243   154   258   355   276
BTK 34B 1910   303   362   618   689   544   513   590   297   470   279
BTK 34B 1920   389   484   259   316   336   229   284   321   563   384
BTK 34B 1930   249   512   519   228   668   463   187   545   463   452
BTK 34B 1940   491   663   662   569   644   728   686   572   559   484
BTK 34B 1950   694   978   573   292   580   532   328   412   522   375
BTK 34B 1960   394   264   386   542   417   435   401   298   238   494
BTK 34B 1970   299   171   366   387   314   658   575   461   328   438
BTK 34B 1980   486   579   401   324   395   438   555   604   495   292
BTK 34B 1990   491   439   696   749   505   456   238   493   473   649
BTK 34B 2000   381   405   376   337   362   470   406   373   270   619
BTK 34B 2010   467   329   283   390   388   568   294 -9999
